352.3685143857647, 0.05006555177982697
353.69032524193136, 0.05444647752901188
354.8020280857329, 0.06016072850620957
355.82368463852083, 0.06644640458112705
356.84534119130876, 0.07273208065604453
357.7469360227451, 0.07977965686125521
358.49845370249216, 0.08777960822933184
359.12990966088773, 0.09654145972770145
359.7613656192832, 0.1053033112260715
360.36280614734085, 0.11425563775701453
360.9942621057364, 0.12301748925538436
361.64435178445854, 0.13073056210089384
362.0593535132091, 0.13808223698658018
362.5128711410494, 0.14530306806645532
363.144327099445, 0.15406491956482538
363.9258602095299, 0.16187439590032882
364.8574704713041, 0.16873149707296609
365.78908073307844, 0.17558859824560336
366.9007835768799, 0.18130284922280104
368.07251728135725, 0.18663615013485213
369.36431270718606, 0.19120755091661046
370.68612356335274, 0.19558847666579515
372.097980710533, 0.19939797731726028
373.62989957906484, 0.20244557783843242
375.1618184475966, 0.20549317835960457
376.783783607142, 0.20796935378305692
378.40574876668745, 0.21044552920650927
380.11776021724654, 0.21235027953224184
381.9498333891571, 0.21349312972768142
383.72187570039193, 0.21501692998826738
385.7040260239918, 0.2152074050208408
387.38602204421306, 0.21730263037914654
389.1880797857857, 0.21863595560715932
390.87007580600687, 0.22073118096546507
392.4620255352145, 0.2233978314214906
393.9038981127326, 0.22701685704038255
395.3457706902508, 0.23063588265927448
396.66758154641747, 0.2350168084084594
397.8993461115705, 0.2399691592553641
399.0410643857099, 0.2454929351999886
400.0026900778221, 0.25215956134005246
400.93430033959635, 0.25901666251268973
401.775864310357, 0.2664451887830468
402.49736655976614, 0.27463561518369684
403.0687916574859, 0.28377841674721327
403.5501704641921, 0.29349264340844927
404.1065878467429, 0.3027306824882523
404.31782778040815, 0.3141591844426477
404.5740908595803, 0.3253019738481828
404.42514562919104, 0.33901617619345736
404.3227723958681, 0.3519511624963869
403.7378664348147, 0.3667874359426384
403.21754172903036, 0.380730208327001
402.6373214727027, 0.3946983773823731
401.8093795893125, 0.40917447985794064
400.4037359975773, 0.43230066202456907
400.8774366399342, 0.4225930441806929
399.958510914007, 0.4439750717531421
399.2832330931069, 0.4589011616950658
398.43874173967356, 0.47490106443121927
397.64827816084835, 0.4905581121087408
396.83980532382037, 0.5063294448058067
396.2215655223981, 0.5205388822357715
395.3335927783322, 0.5353959347764854
394.6913406326396, 0.5497577522325092
394.0269418612334, 0.5646148047732233
393.39856160623276, 0.5792432872748494
392.89624615865114, 0.5930717746396676
392.419395746814, 0.6072223379686557
392.13293196312793, 0.6205654850556706
392.3531347061421, 0.6322715363432438
391.9810122077996, 0.6461831400859126
391.94158302445464, 0.6582350148741842
391.38050489385455, 0.6734037538318363
391.2592154459518, 0.6859751059816712
390.7145093682633, 0.7010399494670105
390.3133461693043, 0.7158710281396465
389.9367410497126, 0.7305462636038134
389.4090906722831, 0.7446645038969706
388.6211693626768, 0.7588866396624403
388.13299642605193, 0.7722706852845878
387.5766532038622, 0.7864420277080382
387.09234701448327, 0.8001562300533127
386.60804082510435, 0.8138704323985873
386.1957716685364, 0.8271274946656858
385.8466232694095, 0.8404676733106347
385.43045235528166, 0.8553939894995571
385.11885616762765, 0.869380299034222
385.5288235650198, 0.8801557437340806
385.8932355854057, 0.8965656730921975
385.6262103096756, 0.8885437977791237
386.0006060192287, 0.9057044322402666
386.231520865736, 0.9141555370484069
386.44276079940124, 0.9255840390028023
386.64002457179174, 0.9366451962515208
386.957720867339, 0.9470941123241108
387.30159632793107, 0.9584409821216892
387.87302142565085, 0.9675837836852055
388.62453910539784, 0.9755837350532822
389.5561493671721, 0.9824408362259195
390.87796022333885, 0.9868217619751044
392.28981737051913, 0.9906312626265695
393.8217362390509, 0.9936788631477417
395.4136859682585, 0.9963455136037672
397.0656665581418, 0.9986312139946463
399.0178014514038, 0.9990121640597929
401.0299672053417, 0.9990121640597929
403.10216381995525, 0.9986312139946463
405.44449930760965, 0.9965359886363405
407.90689651661563, 0.9936788631477417
410.42932458629735, 0.9904407875939963
413.1318452380063, 0.9860598618448113
415.95442761106676, 0.9809170359653334
418.89707170547877, 0.9750123099555625
421.89974666056645, 0.9687266338806451
425.0524987673436, 0.9614885826428612
428.32531259547216, 0.9534886312747844
431.6581572842765, 0.9451077298415612
435.08104826409453, 0.9361554033106181
438.53395467425037, 0.9270126017471018
441.9868610844062, 0.9178698001835854
445.229659482197, 0.9100603238480819
448.53248874066344, 0.9018698974474318
451.8353179991299, 0.8936794710467818
455.19817811827215, 0.8851080945809853
458.6210690980902, 0.8761557680500421
462.073975508246, 0.8670129664865258
465.6169282094155, 0.8572987398252897
469.3748971678981, 0.8451559564987446
472.51495419181776, 0.8358702986607983
475.01389350053, 0.8257887272938852
478.3348602644402, 0.8148989975744827
482.10000876199047, 0.8021302440272537
485.39496957066694, 0.7924419912340956
488.11193197689477, 0.7815849143774201
490.95933855502005, 0.774156388107063
493.06987607629276, 0.7658707241901264
496.37622600032034, 0.7578707728220495
499.47097689840814, 0.7456803707373612
502.42343748271605, 0.7375851818529977
504.6875728212392, 0.7285376178057681
507.84032492801634, 0.7212995665679842
510.93507582610414, 0.7091091644832959
513.887536410412, 0.7010139755989324
515.9980739316848, 0.6927283116819958
519.3576520366532, 0.6842385673730162
522.3991747538001, 0.6725379582292306
525.351635338108, 0.6644427693448671
528.0685977443359, 0.6535856924881915
530.9160043224613, 0.6461571662178345
533.4885798513188, 0.6359123305372871
536.4803733068144, 0.6278715630908018
539.1973357130422, 0.617014486234126
542.0447422911675, 0.6095859599637692
544.7617046973954, 0.5987288831070934
547.6091112755207, 0.5913003568367365
550.3260736817485, 0.5804432799800607
553.1734802598739, 0.5730147537097039
555.2840177811468, 0.564729089792767
558.6435958861152, 0.5562393454837877
561.2669656863202, 0.5462802223521002
564.5433258294579, 0.5379537423567551
566.9704572776029, 0.5293007337341413
570.1771239668583, 0.5204436447194849
572.7466048340332, 0.5115865557048285
575.3813077871569, 0.5044437419833312
579.1943993613672, 0.4930152400289358
583.0074909355776, 0.48158673807454044
586.820582509788, 0.47015823612014507
590.6336740839984, 0.4587297341657497
594.3596049301154, 0.4481583698579339
598.1026065991898, 0.4365666035899043
601.2899520052082, 0.4283489664703153
604.5958647734234, 0.4173014145810663
607.5250429075406, 0.41006336334328264
610.4558603759547, 0.4006158017276491
613.7001029491973, 0.39215871028139637
616.1795375253587, 0.38387304636445974
619.2396477284857, 0.37615880754524267
621.9212239329654, 0.36701600598172646
624.779192507774, 0.3601589048090892
628.240964705453, 0.3501997816774016
631.9251287707887, 0.3403495014214706
635.3780351809446, 0.33120669985795415
638.8009261607626, 0.3222543733270109
642.1037554192291, 0.3140639469263611
645.3765692473577, 0.30606399555828423
648.709413936162, 0.2976830941250608
651.9221969036148, 0.29006409282213075
655.2550415924193, 0.2816831913889073
658.467824559872, 0.27406419008597727
661.7106229576628, 0.2662547137504734
664.8933904947778, 0.2588261874801163
668.1061734622306, 0.2512071861771863
671.2289101386698, 0.24415960997197583
674.3216313847712, 0.23730250879933856
677.4143526308726, 0.2304454076267013
680.4170275859603, 0.22415973155178381
683.2696253893587, 0.2188264306397325
685.9721460410676, 0.2144455048905476
688.6446512624386, 0.21025505417393586
691.2271101927961, 0.20663602855504415
693.8395845534915, 0.2028265279035788
696.4220434838489, 0.1992075022846871
698.9744869838685, 0.19577895169836856
701.4368841928745, 0.1929218262097696
704.0493585535698, 0.18911232555830448
706.5417711929135, 0.18606472503713256
709.0041684019195, 0.1832075995485336
711.5265964716014, 0.17996952399478805
713.9589782502694, 0.1773028735387625
716.4513908896132, 0.17425527301759036
718.943803528957, 0.17120767249641844
721.3761853076251, 0.16854102204039267
723.8085670862931, 0.16587437158436713
726.2409488649613, 0.1632077211283416
728.6733306436294, 0.16054107067231582
731.0756969919596, 0.1580648952488637
733.5380942009656, 0.15520776976026474
735.88042968862, 0.15311254440195876
738.2827960369502, 0.15063636897850663
740.5951160942668, 0.14873161865277407
742.967467012259, 0.1464459182618949
745.2797870695756, 0.14454116793616234
747.3519836841892, 0.14416021787101596
749.5742574504922, 0.14282689264300297
751.7365003561193, 0.1418745174801368
753.7486661100572, 0.1418745174801368
755.760831863995, 0.1418745174801368
757.9831056302979, 0.1405411922521238
760.1453485359252, 0.13958881708925763
762.157514289863, 0.13958881708925763
764.1696800438008, 0.13958881708925763
766.331922949428, 0.13863644192639146
768.554196715731, 0.1373031166983787
770.5663624696688, 0.1373031166983787
772.9086979573233, 0.13520789134007294
775.0109100022746, 0.13463646624235315
777.277630367272, 0.13159065387413604
779.6464341427514, 0.1275656440487276
