401.1640999802844, 47.043261626760724
403.39678853863177, 47.917975228800465
402.8386163990449, 47.470518575193864
404.6991901976677, 48.47398048060965
407.3039935157397, 49.17927408983394
409.1645673143625, 49.77601910085565
411.3972558727099, 50.53549624948374
410.65302635326077, 50.15580305501844
412.51360015188357, 51.24060833931304
413.62994443105725, 51.83726259063726
414.746288710231, 52.51526022084029
417.35109202830296, 53.13921045118577
419.02560844706346, 53.65458939340429
421.8164691449977, 54.14299001554278
425.16550198251883, 54.57722978820185
428.5145348200399, 54.76743942422448
431.86356765756096, 54.63227554473183
435.2126004950821, 54.280195988229025
438.56163333260315, 54.0365742702313
441.9106661701242, 53.98275376961748
445.25969900764534, 54.01027664788248
448.6087318451664, 54.146257364652556
451.95776468268747, 54.472039298806536
455.3067975202086, 54.879164611839336
458.65583035772966, 54.988030868983145
462.0048631952507, 55.178240505005775
465.35389603277184, 55.47690797953348
468.7029288702929, 55.99249113107136
472.051961707814, 56.155586307467715
475.4009945453351, 56.047536887601346
478.75002738285616, 55.939487467734985
482.0990602203772, 55.61452237085845
485.44809305789835, 55.15398497585055
488.7971258954194, 54.856134338600285
492.14615873294053, 54.531169241723745
495.4951915704616, 54.26043306409975
498.84422440798267, 53.93546796722321
501.6350851059169, 53.542648651507875
504.42594580385116, 53.01425703766118
507.77497864137223, 52.6350630215321
511.12401147889335, 52.41855576316065
514.4730443164144, 52.41896418179937
517.8220771539354, 52.69051719670081
521.1711099914567, 52.69092561533953
524.5201428289777, 52.44730389734181
527.8691756664987, 52.69174245261698
531.2182085040199, 52.80060870976078
534.5672413415409, 52.638330370641874
537.9162741790619, 52.58450987002806
541.2653070165832, 52.395117071282876
544.6143398541042, 52.04303751478007
547.9633726916252, 51.663843498650984
550.7542333895594, 51.27102418293565
553.5450940874937, 50.82397594796777
556.8941269250148, 50.173637335575975
559.684987622949, 49.68591741116868
561.9176761812964, 49.19812941698827
563.9643073597815, 48.65608981363095
566.3830532979912, 48.22255342862746
568.6157418563387, 47.775437123886455
570.8484304146859, 47.409664198024274
573.6392911126202, 46.94905873324325
576.4301518105544, 46.27153759145206
578.4767829890395, 45.729497988094735
581.4537010668362, 45.21468629398555
584.8027339043572, 44.88972119710902
587.5935946022914, 44.36132958326232
590.3844553002257, 43.83293796941562
593.1753159981599, 43.385889734447744
595.9661766960942, 42.91172703985359
599.3152095336152, 42.31561734671433
602.6642423711363, 41.93642333058526
606.0132752086574, 41.47588593557736
609.3623080461784, 41.15092083870082
612.1531687441127, 40.744544293172346
614.3858573024602, 40.33809967787076
616.6185458608074, 39.85031168369034
618.8512344191549, 39.362523689509935
621.6420951170892, 38.929032684355185
624.4329558150234, 38.63111397733181
626.6656443733707, 38.22466936203021
629.456505071305, 37.65560605874411
632.8055379088261, 37.086610825231126
636.1545707463472, 36.6531878898495
638.9454314442814, 36.35526918282611
641.1781200026288, 35.86748118864571
643.4108085609762, 35.3796931944653
645.6434971193236, 34.85123351084548
647.876185677671, 34.44478889554389
650.1088742360184, 34.0383442802423
652.3415627943657, 33.50988459662248
654.5742513527132, 33.022096602442076
656.2487677714737, 32.452897159609726
659.039628469408, 31.883833856323626
660.7141448881684, 31.423092251996366
663.5050055861027, 30.948929557402217
666.295866284037, 30.501881322434336
669.0867269819712, 29.932818019148236
671.3194155403185, 29.485701714407234
673.552104098666, 28.95724203078742
675.7847926570134, 28.469454036607004
677.459309075774, 27.981597972653482
680.2501697737082, 27.493878048246188
683.0410304716424, 27.0061581238389
685.2737190299897, 26.76240026629494
688.6227518675109, 26.22051949240823
691.413612565445, 25.74635679781408
693.6463011237925, 25.29924049307308
695.87898968214, 24.892795877771484
698.1116782404872, 24.445679573030482
700.3443667988347, 24.0799066471683
703.135227496769, 23.592186722761006
706.48426033429, 23.10453486812684
709.833293171811, 22.616883013492668
713.1823260093322, 22.12923115885851
716.5313588468532, 21.668693763850612
719.8803916843742, 21.316614207347797
723.2294245218955, 20.82896235271363
726.5784573594165, 20.395539417332003
729.9274901969375, 20.016345401202926
733.2765230344587, 19.52869354656876
736.6255558719797, 19.1223850708134
739.9745887095007, 18.716076595058055
743.323621547022, 18.33688257892898
746.672654384543, 17.957688562799888
750.021687222064, 17.578494546670804
753.3707200595852, 17.25352944979427
756.7197528971062, 16.820106514412643
760.0687857346272, 16.440912498283566
763.4178185721485, 16.034604022528214
766.7668514096695, 15.628295546772861
770.1158842471905, 15.303330449896322
773.4649170847117, 14.869907514514708
776.8139499222327, 14.490713498385617
780.1629827597537, 14.030176103377727
783.512015597275, 13.678096546874912
786.861048434796, 13.298902530745835
790.210081272317, 12.919708514616758
793.5591141098382, 12.540514498487667
796.9081469473592, 12.16132048235859
800.2571797848802, 11.7821264662295
803.6062126224015, 11.430046909726698
806.9552454599225, 11.132196272476435
810.3042782974435, 10.753002256347344
813.6533111349647, 10.373808240218267
817.0023439724857, 10.048843143341742
820.3513768100067, 9.696763586838912
823.700409647528, 9.398912949588663
827.049442485049, 9.07394785271211
830.3984753225702, 8.803211675088122
833.7475081600912, 8.532475497464134
837.0965409976122, 8.20751040058758
840.4455738351335, 7.9367742229636065
843.7946066726545, 7.611809126087067
847.1436395101755, 7.395301867715602
850.4926723476967, 7.124565690091615
853.8417051852177, 6.880943972093888
857.1907380227387, 6.6102077944699005
860.53977086026, 6.366586076472174
863.888803697781, 6.150078818100724
867.237836535302, 5.933571559729273
870.5868693728232, 5.6628353821052855
873.9359022103442, 5.500557042986372
877.2849350478652, 5.256935324988646
880.6339678853865, 5.067542526243457
883.9830007229075, 4.905264187124558
887.3320335604285, 4.7429858480056595
890.6810663979497, 4.607821968513008
894.0300992354707, 4.364200250515296
897.3791320729918, 4.1476929921438455
900.728164910513, 3.9583001933986566
904.077197748034, 3.850250773532295
907.426230585555, 3.7150868940396577
910.7752634230762, 3.5799230145470204
914.1242962605972, 3.4176446754281216
917.4733290981183, 3.28248079593547
920.8223619356395, 3.0930879971902954
924.1713947731605, 2.957924117697658
927.5204276106815, 2.822760238205035
930.8694604482027, 2.660481899086122
934.2184932857238, 2.579546938846022
937.5675261232448, 2.4443830593533846
940.916558960766, 2.3363336394870373
944.265591798287, 2.201169759994386
947.614624635808, 2.1202347997543
950.9636574733292, 1.9850709202616486
954.3126903108503, 1.8499070407690255
957.6617231483713, 1.7689720805289397
961.0107559858925, 1.660922660662564
964.3597888234135, 1.5799877004224783
967.7088216609345, 1.4990527401823925
971.0578544984558, 1.363888860689741
974.4068873359768, 1.3371828197021927
977.7559201734978, 1.2562478594620927
981.104953011019, 1.175312899222007
984.45398584854, 1.0943779389819213
987.803018686061, 1.040557438368097
991.1520515235823, 1.0138513973805487
994.5010843611033, 0.9058019775141872
997.8501171986243, 0.8248670172740873
